23.172414	94.487122
N_steps             : 20001
error(proposed)     : 23.172414
error(original)     : 94.487122
A01_Estimator_Total_Time                           : 4351.538217
A02_Estimator_Setup_Time                           : 4.229917
A03_Estimator_Solving_Time                         : 4276.087405
A04_Estimator_Filtering_Process_Time               : 14.561081
A05_Estimator_KF_Process_Time                      : 53.512021
A06_Solver_PMSs_Solving_Time                       : 4155.189881
B01_Number_of_PMSs                                 : 69.058287
B02_Number_of_Filtered_PMSs                        : 2.737735
B03_Number_of_PMSs_to_KF                           : 2.737735
C01_Number_of_Selection_Fail_Timesteps             : 0.000000
C02_Number_of_opt1_Fail                            : 0.000000
C03_Number_of_Threshold_opt_Fail                   : 0.025324
C04_Number_of_Kalman_Filter_Fail_Timesteps         : 0.025324
D01_Number_of_Reflections(sim)                     : 0.611524
D02_Number_of_Reflections_Twice(sim)               : 0.000000
E01_Number_of_Selected_Beacons                     : 5.120418
F01_Number_of_Failed_Timesteps                     : 0.024699
F02_Number_of_Timesteps                            : 20001.000000
G01_Estimation_Error(sim)                          : 23.172414
G02_Estimation_Error_Reference(sim)                : 94.487122
G03_Estimation_Error_Except_Fail                   : 23.172414
G04_Estimation_Error_Except_Fail_Ref               : 94.487122
G05_Estimation_Error_Except_Strict_Fail            : 21.958122
G06_Estimation_Error_Except_Strict_Fail_Ref        : 93.761403
H01_Reception_Fails(<3)                            : 0.000000
H02_Reception_Fails_Ref.(<3)                       : 0.000000
H03_Strict_Reception_Fails(<_NV)                   : 0.006050
H04_Strict_Reception_Fails_Ref.(<_NV)              : 0.006050
