28.847865	114.064803
N_steps             : 20001
error(proposed)     : 28.847865
error(original)     : 114.064803
A01_Estimator_Total_Time                           : 4738.576740
A02_Estimator_Setup_Time                           : 4.009269
A03_Estimator_Solving_Time                         : 4660.869514
A04_Estimator_Filtering_Process_Time               : 16.491064
A05_Estimator_KF_Process_Time                      : 54.971680
A06_Solver_PMSs_Solving_Time                       : 4532.055871
B01_Number_of_PMSs                                 : 82.965945
B02_Number_of_Filtered_PMSs                        : 3.199109
B03_Number_of_PMSs_to_KF                           : 3.199109
C01_Number_of_Selection_Fail_Timesteps             : 0.000000
C02_Number_of_opt1_Fail                            : 0.000000
C03_Number_of_Threshold_opt_Fail                   : 0.024274
C04_Number_of_Kalman_Filter_Fail_Timesteps         : 0.024274
D01_Number_of_Reflections(sim)                     : 0.863983
D02_Number_of_Reflections_Twice(sim)               : 0.000000
E01_Number_of_Selected_Beacons                     : 5.105853
F01_Number_of_Failed_Timesteps                     : 0.023699
F02_Number_of_Timesteps                            : 20001.000000
G01_Estimation_Error(sim)                          : 28.847865
G02_Estimation_Error_Reference(sim)                : 114.064803
G03_Estimation_Error_Except_Fail                   : 28.847865
G04_Estimation_Error_Except_Fail_Ref               : 114.064803
G05_Estimation_Error_Except_Strict_Fail            : 27.059505
G06_Estimation_Error_Except_Strict_Fail_Ref        : 112.754113
H01_Reception_Fails(<3)                            : 0.000000
H02_Reception_Fails_Ref.(<3)                       : 0.000000
H03_Strict_Reception_Fails(<_NV)                   : 0.014499
H04_Strict_Reception_Fails_Ref.(<_NV)              : 0.014499
