31.364579	119.522207
N_steps             : 20001
error(proposed)     : 31.364579
error(original)     : 119.522207
A01_Estimator_Total_Time                           : 5185.021482
A02_Estimator_Setup_Time                           : 5.092724
A03_Estimator_Solving_Time                         : 5087.205729
A04_Estimator_Filtering_Process_Time               : 14.628215
A05_Estimator_KF_Process_Time                      : 74.947732
A06_Solver_PMSs_Solving_Time                       : 4945.053262
B01_Number_of_PMSs                                 : 79.446111
B02_Number_of_Filtered_PMSs                        : 3.504234
B03_Number_of_PMSs_to_KF                           : 3.504234
C01_Number_of_Selection_Fail_Timesteps             : 0.000000
C02_Number_of_opt1_Fail                            : 0.000000
C03_Number_of_Threshold_opt_Fail                   : 0.045421
C04_Number_of_Kalman_Filter_Fail_Timesteps         : 0.045421
D01_Number_of_Reflections(sim)                     : 0.954370
D02_Number_of_Reflections_Twice(sim)               : 0.000000
E01_Number_of_Selected_Beacons                     : 5.212262
F01_Number_of_Failed_Timesteps                     : 0.043448
F02_Number_of_Timesteps                            : 20001.000000
G01_Estimation_Error(sim)                          : 31.364579
G02_Estimation_Error_Reference(sim)                : 119.522207
G03_Estimation_Error_Except_Fail                   : 31.364579
G04_Estimation_Error_Except_Fail_Ref               : 119.522207
G05_Estimation_Error_Except_Strict_Fail            : 29.723693
G06_Estimation_Error_Except_Strict_Fail_Ref        : 117.909064
H01_Reception_Fails(<3)                            : 0.000000
H02_Reception_Fails_Ref.(<3)                       : 0.000000
H03_Strict_Reception_Fails(<_NV)                   : 0.014199
H04_Strict_Reception_Fails_Ref.(<_NV)              : 0.014199
