30.088920	103.372809
N_steps             : 20001
error(proposed)     : 30.088920
error(original)     : 103.372809
A01_Estimator_Total_Time                           : 4331.350279
A02_Estimator_Setup_Time                           : 5.128384
A03_Estimator_Solving_Time                         : 4249.820107
A04_Estimator_Filtering_Process_Time               : 14.113970
A05_Estimator_KF_Process_Time                      : 60.114486
A06_Solver_PMSs_Solving_Time                       : 4133.570262
B01_Number_of_PMSs                                 : 66.513846
B02_Number_of_Filtered_PMSs                        : 3.050785
B03_Number_of_PMSs_to_KF                           : 3.050785
C01_Number_of_Selection_Fail_Timesteps             : 0.000000
C02_Number_of_opt1_Fail                            : 0.000000
C03_Number_of_Threshold_opt_Fail                   : 0.033323
C04_Number_of_Kalman_Filter_Fail_Timesteps         : 0.033323
D01_Number_of_Reflections(sim)                     : 0.782961
D02_Number_of_Reflections_Twice(sim)               : 0.000000
E01_Number_of_Selected_Beacons                     : 5.148326
F01_Number_of_Failed_Timesteps                     : 0.032248
F02_Number_of_Timesteps                            : 20001.000000
G01_Estimation_Error(sim)                          : 30.088920
G02_Estimation_Error_Reference(sim)                : 103.372809
G03_Estimation_Error_Except_Fail                   : 30.088920
G04_Estimation_Error_Except_Fail_Ref               : 103.372809
G05_Estimation_Error_Except_Strict_Fail            : 27.887731
G06_Estimation_Error_Except_Strict_Fail_Ref        : 100.594089
H01_Reception_Fails(<3)                            : 0.000000
H02_Reception_Fails_Ref.(<3)                       : 0.000000
H03_Strict_Reception_Fails(<_NV)                   : 0.015299
H04_Strict_Reception_Fails_Ref.(<_NV)              : 0.015299
