32.178181	122.167552
N_steps             : 20001
error(proposed)     : 32.178181
error(original)     : 122.167552
A01_Estimator_Total_Time                           : 4433.042474
A02_Estimator_Setup_Time                           : 5.912514
A03_Estimator_Solving_Time                         : 4358.080804
A04_Estimator_Filtering_Process_Time               : 15.477883
A05_Estimator_KF_Process_Time                      : 49.585362
A06_Solver_PMSs_Solving_Time                       : 4232.966539
B01_Number_of_PMSs                                 : 76.145654
B02_Number_of_Filtered_PMSs                        : 2.876049
B03_Number_of_PMSs_to_KF                           : 2.876049
C01_Number_of_Selection_Fail_Timesteps             : 0.000000
C02_Number_of_opt1_Fail                            : 0.000000
C03_Number_of_Threshold_opt_Fail                   : 0.035999
C04_Number_of_Kalman_Filter_Fail_Timesteps         : 0.035999
D01_Number_of_Reflections(sim)                     : 0.818761
D02_Number_of_Reflections_Twice(sim)               : 0.000000
E01_Number_of_Selected_Beacons                     : 5.155185
F01_Number_of_Failed_Timesteps                     : 0.034748
F02_Number_of_Timesteps                            : 20001.000000
G01_Estimation_Error(sim)                          : 32.178181
G02_Estimation_Error_Reference(sim)                : 122.167552
G03_Estimation_Error_Except_Fail                   : 32.178181
G04_Estimation_Error_Except_Fail_Ref               : 122.167552
G05_Estimation_Error_Except_Strict_Fail            : 29.748607
G06_Estimation_Error_Except_Strict_Fail_Ref        : 119.155101
H01_Reception_Fails(<3)                            : 0.000000
H02_Reception_Fails_Ref.(<3)                       : 0.000000
H03_Strict_Reception_Fails(<_NV)                   : 0.023749
H04_Strict_Reception_Fails_Ref.(<_NV)              : 0.023749
