31.422324	118.553629
N_steps             : 20001
error(proposed)     : 31.422324
error(original)     : 118.553629
A01_Estimator_Total_Time                           : 5001.670988
A02_Estimator_Setup_Time                           : 4.525210
A03_Estimator_Solving_Time                         : 4918.708649
A04_Estimator_Filtering_Process_Time               : 15.845101
A05_Estimator_KF_Process_Time                      : 59.267165
A06_Solver_PMSs_Solving_Time                       : 4776.038071
B01_Number_of_PMSs                                 : 88.245645
B02_Number_of_Filtered_PMSs                        : 3.593974
B03_Number_of_PMSs_to_KF                           : 3.593974
C01_Number_of_Selection_Fail_Timesteps             : 0.000000
C02_Number_of_opt1_Fail                            : 0.000000
C03_Number_of_Threshold_opt_Fail                   : 0.024851
C04_Number_of_Kalman_Filter_Fail_Timesteps         : 0.024851
D01_Number_of_Reflections(sim)                     : 0.871388
D02_Number_of_Reflections_Twice(sim)               : 0.000000
E01_Number_of_Selected_Beacons                     : 5.112421
F01_Number_of_Failed_Timesteps                     : 0.024249
F02_Number_of_Timesteps                            : 20001.000000
G01_Estimation_Error(sim)                          : 31.422324
G02_Estimation_Error_Reference(sim)                : 118.553629
G03_Estimation_Error_Except_Fail                   : 31.422324
G04_Estimation_Error_Except_Fail_Ref               : 118.553629
G05_Estimation_Error_Except_Strict_Fail            : 30.230375
G06_Estimation_Error_Except_Strict_Fail_Ref        : 116.066282
H01_Reception_Fails(<3)                            : 0.000000
H02_Reception_Fails_Ref.(<3)                       : 0.000000
H03_Strict_Reception_Fails(<_NV)                   : 0.011549
H04_Strict_Reception_Fails_Ref.(<_NV)              : 0.011549
