30.992642	114.609782
N_steps             : 20001
error(proposed)     : 30.992642
error(original)     : 114.609782
A01_Estimator_Total_Time                           : 5249.782211
A02_Estimator_Setup_Time                           : 5.368216
A03_Estimator_Solving_Time                         : 5144.344791
A04_Estimator_Filtering_Process_Time               : 17.453839
A05_Estimator_KF_Process_Time                      : 79.063373
A06_Solver_PMSs_Solving_Time                       : 4994.559869
B01_Number_of_PMSs                                 : 88.892844
B02_Number_of_Filtered_PMSs                        : 4.361618
B03_Number_of_PMSs_to_KF                           : 4.361618
C01_Number_of_Selection_Fail_Timesteps             : 0.000000
C02_Number_of_opt1_Fail                            : 0.000000
C03_Number_of_Threshold_opt_Fail                   : 0.023017
C04_Number_of_Kalman_Filter_Fail_Timesteps         : 0.023017
D01_Number_of_Reflections(sim)                     : 0.951563
D02_Number_of_Reflections_Twice(sim)               : 0.000000
E01_Number_of_Selected_Beacons                     : 5.096670
F01_Number_of_Failed_Timesteps                     : 0.022499
F02_Number_of_Timesteps                            : 20001.000000
G01_Estimation_Error(sim)                          : 30.992642
G02_Estimation_Error_Reference(sim)                : 114.609782
G03_Estimation_Error_Except_Fail                   : 30.992642
G04_Estimation_Error_Except_Fail_Ref               : 114.609782
G05_Estimation_Error_Except_Strict_Fail            : 29.493649
G06_Estimation_Error_Except_Strict_Fail_Ref        : 112.183645
H01_Reception_Fails(<3)                            : 0.000000
H02_Reception_Fails_Ref.(<3)                       : 0.000000
H03_Strict_Reception_Fails(<_NV)                   : 0.016999
H04_Strict_Reception_Fails_Ref.(<_NV)              : 0.016999
