27.732933	115.176344
N_steps             : 20001
error(proposed)     : 27.732933
error(original)     : 115.176344
A01_Estimator_Total_Time                           : 4505.217025
A02_Estimator_Setup_Time                           : 4.973191
A03_Estimator_Solving_Time                         : 4432.820814
A04_Estimator_Filtering_Process_Time               : 14.581729
A05_Estimator_KF_Process_Time                      : 50.070061
A06_Solver_PMSs_Solving_Time                       : 4304.625798
B01_Number_of_PMSs                                 : 80.429301
B02_Number_of_Filtered_PMSs                        : 3.042792
B03_Number_of_PMSs_to_KF                           : 3.042792
C01_Number_of_Selection_Fail_Timesteps             : 0.000000
C02_Number_of_opt1_Fail                            : 0.000000
C03_Number_of_Threshold_opt_Fail                   : 0.021345
C04_Number_of_Kalman_Filter_Fail_Timesteps         : 0.021345
D01_Number_of_Reflections(sim)                     : 0.803860
D02_Number_of_Reflections_Twice(sim)               : 0.000000
E01_Number_of_Selected_Beacons                     : 5.087882
F01_Number_of_Failed_Timesteps                     : 0.020899
F02_Number_of_Timesteps                            : 20001.000000
G01_Estimation_Error(sim)                          : 27.732933
G02_Estimation_Error_Reference(sim)                : 115.176344
G03_Estimation_Error_Except_Fail                   : 27.732933
G04_Estimation_Error_Except_Fail_Ref               : 115.176344
G05_Estimation_Error_Except_Strict_Fail            : 25.759325
G06_Estimation_Error_Except_Strict_Fail_Ref        : 112.665423
H01_Reception_Fails(<3)                            : 0.000000
H02_Reception_Fails_Ref.(<3)                       : 0.000000
H03_Strict_Reception_Fails(<_NV)                   : 0.016249
H04_Strict_Reception_Fails_Ref.(<_NV)              : 0.016249
