23.966696	88.236797
N_steps             : 20001
error(proposed)     : 23.966696
error(original)     : 88.236797
A01_Estimator_Total_Time                           : 3631.319006
A02_Estimator_Setup_Time                           : 4.791588
A03_Estimator_Solving_Time                         : 3566.510145
A04_Estimator_Filtering_Process_Time               : 11.847652
A05_Estimator_KF_Process_Time                      : 46.212654
A06_Solver_PMSs_Solving_Time                       : 3459.590740
B01_Number_of_PMSs                                 : 67.402923
B02_Number_of_Filtered_PMSs                        : 2.841314
B03_Number_of_PMSs_to_KF                           : 2.841314
C01_Number_of_Selection_Fail_Timesteps             : 0.000000
C02_Number_of_opt1_Fail                            : 0.000000
C03_Number_of_Threshold_opt_Fail                   : 0.022180
C04_Number_of_Kalman_Filter_Fail_Timesteps         : 0.022180
D01_Number_of_Reflections(sim)                     : 0.486636
D02_Number_of_Reflections_Twice(sim)               : 0.000000
E01_Number_of_Selected_Beacons                     : 5.102366
F01_Number_of_Failed_Timesteps                     : 0.021699
F02_Number_of_Timesteps                            : 20001.000000
G01_Estimation_Error(sim)                          : 23.966696
G02_Estimation_Error_Reference(sim)                : 88.236797
G03_Estimation_Error_Except_Fail                   : 23.966696
G04_Estimation_Error_Except_Fail_Ref               : 88.236797
G05_Estimation_Error_Except_Strict_Fail            : 23.209649
G06_Estimation_Error_Except_Strict_Fail_Ref        : 86.572854
H01_Reception_Fails(<3)                            : 0.000000
H02_Reception_Fails_Ref.(<3)                       : 0.000000
H03_Strict_Reception_Fails(<_NV)                   : 0.008350
H04_Strict_Reception_Fails_Ref.(<_NV)              : 0.008350
