25.520890	99.489980
N_steps             : 20001
error(proposed)     : 25.520890
error(original)     : 99.489980
A01_Estimator_Total_Time                           : 4236.315165
A02_Estimator_Setup_Time                           : 5.019941
A03_Estimator_Solving_Time                         : 4156.764189
A04_Estimator_Filtering_Process_Time               : 14.243379
A05_Estimator_KF_Process_Time                      : 56.976276
A06_Solver_PMSs_Solving_Time                       : 4034.503784
B01_Number_of_PMSs                                 : 76.111412
B02_Number_of_Filtered_PMSs                        : 3.263422
B03_Number_of_PMSs_to_KF                           : 3.263422
C01_Number_of_Selection_Fail_Timesteps             : 0.000000
C02_Number_of_opt1_Fail                            : 0.000000
C03_Number_of_Threshold_opt_Fail                   : 0.022651
C04_Number_of_Kalman_Filter_Fail_Timesteps         : 0.022651
D01_Number_of_Reflections(sim)                     : 0.747725
D02_Number_of_Reflections_Twice(sim)               : 0.000000
E01_Number_of_Selected_Beacons                     : 5.102362
F01_Number_of_Failed_Timesteps                     : 0.022149
F02_Number_of_Timesteps                            : 20001.000000
G01_Estimation_Error(sim)                          : 25.520890
G02_Estimation_Error_Reference(sim)                : 99.489980
G03_Estimation_Error_Except_Fail                   : 25.520890
G04_Estimation_Error_Except_Fail_Ref               : 99.489980
G05_Estimation_Error_Except_Strict_Fail            : 24.153688
G06_Estimation_Error_Except_Strict_Fail_Ref        : 98.547282
H01_Reception_Fails(<3)                            : 0.000000
H02_Reception_Fails_Ref.(<3)                       : 0.000000
H03_Strict_Reception_Fails(<_NV)                   : 0.010449
H04_Strict_Reception_Fails_Ref.(<_NV)              : 0.010449
