23.703521	84.388662
N_steps             : 20001
error(proposed)     : 23.703521
error(original)     : 84.388662
A01_Estimator_Total_Time                           : 3205.724627
A02_Estimator_Setup_Time                           : 3.180143
A03_Estimator_Solving_Time                         : 3151.607885
A04_Estimator_Filtering_Process_Time               : 10.216695
A05_Estimator_KF_Process_Time                      : 38.376149
A06_Solver_PMSs_Solving_Time                       : 3067.716926
B01_Number_of_PMSs                                 : 61.475486
B02_Number_of_Filtered_PMSs                        : 2.399353
B03_Number_of_PMSs_to_KF                           : 2.399353
C01_Number_of_Selection_Fail_Timesteps             : 0.000000
C02_Number_of_opt1_Fail                            : 0.000000
C03_Number_of_Threshold_opt_Fail                   : 0.026798
C04_Number_of_Kalman_Filter_Fail_Timesteps         : 0.026798
D01_Number_of_Reflections(sim)                     : 0.489296
D02_Number_of_Reflections_Twice(sim)               : 0.000000
E01_Number_of_Selected_Beacons                     : 5.123158
F01_Number_of_Failed_Timesteps                     : 0.026099
F02_Number_of_Timesteps                            : 20001.000000
G01_Estimation_Error(sim)                          : 23.703521
G02_Estimation_Error_Reference(sim)                : 84.388662
G03_Estimation_Error_Except_Fail                   : 23.703521
G04_Estimation_Error_Except_Fail_Ref               : 84.388662
G05_Estimation_Error_Except_Strict_Fail            : 23.346888
G06_Estimation_Error_Except_Strict_Fail_Ref        : 82.656514
H01_Reception_Fails(<3)                            : 0.000000
H02_Reception_Fails_Ref.(<3)                       : 0.000000
H03_Strict_Reception_Fails(<_NV)                   : 0.009350
H04_Strict_Reception_Fails_Ref.(<_NV)              : 0.009350
