28.448649	106.610196
N_steps             : 20001
error(proposed)     : 28.448649
error(original)     : 106.610196
A01_Estimator_Total_Time                           : 4500.310327
A02_Estimator_Setup_Time                           : 5.651919
A03_Estimator_Solving_Time                         : 4423.520319
A04_Estimator_Filtering_Process_Time               : 14.918414
A05_Estimator_KF_Process_Time                      : 53.612413
A06_Solver_PMSs_Solving_Time                       : 4296.056606
B01_Number_of_PMSs                                 : 69.824826
B02_Number_of_Filtered_PMSs                        : 2.496266
B03_Number_of_PMSs_to_KF                           : 2.496266
C01_Number_of_Selection_Fail_Timesteps             : 0.000000
C02_Number_of_opt1_Fail                            : 0.000000
C03_Number_of_Threshold_opt_Fail                   : 0.030183
C04_Number_of_Kalman_Filter_Fail_Timesteps         : 0.030183
D01_Number_of_Reflections(sim)                     : 0.727067
D02_Number_of_Reflections_Twice(sim)               : 0.000000
E01_Number_of_Selected_Beacons                     : 5.145300
F01_Number_of_Failed_Timesteps                     : 0.029299
F02_Number_of_Timesteps                            : 20001.000000
G01_Estimation_Error(sim)                          : 28.448649
G02_Estimation_Error_Reference(sim)                : 106.610196
G03_Estimation_Error_Except_Fail                   : 28.448649
G04_Estimation_Error_Except_Fail_Ref               : 106.610196
G05_Estimation_Error_Except_Strict_Fail            : 27.872958
G06_Estimation_Error_Except_Strict_Fail_Ref        : 105.749521
H01_Reception_Fails(<3)                            : 0.000000
H02_Reception_Fails_Ref.(<3)                       : 0.000000
H03_Strict_Reception_Fails(<_NV)                   : 0.005400
H04_Strict_Reception_Fails_Ref.(<_NV)              : 0.005400
