34.551619	108.208998
N_steps             : 20001
error(proposed)     : 34.551619
error(original)     : 108.208998
A01_Estimator_Total_Time                           : 4673.997089
A02_Estimator_Setup_Time                           : 5.610294
A03_Estimator_Solving_Time                         : 4583.998264
A04_Estimator_Filtering_Process_Time               : 15.857690
A05_Estimator_KF_Process_Time                      : 65.693832
A06_Solver_PMSs_Solving_Time                       : 4450.233711
B01_Number_of_PMSs                                 : 82.494077
B02_Number_of_Filtered_PMSs                        : 3.705882
B03_Number_of_PMSs_to_KF                           : 3.705882
C01_Number_of_Selection_Fail_Timesteps             : 0.000000
C02_Number_of_opt1_Fail                            : 0.000000
C03_Number_of_Threshold_opt_Fail                   : 0.021293
C04_Number_of_Kalman_Filter_Fail_Timesteps         : 0.021293
D01_Number_of_Reflections(sim)                     : 0.641238
D02_Number_of_Reflections_Twice(sim)               : 0.000000
E01_Number_of_Selected_Beacons                     : 5.085018
F01_Number_of_Failed_Timesteps                     : 0.020849
F02_Number_of_Timesteps                            : 20001.000000
G01_Estimation_Error(sim)                          : 34.551619
G02_Estimation_Error_Reference(sim)                : 108.208998
G03_Estimation_Error_Except_Fail                   : 34.551619
G04_Estimation_Error_Except_Fail_Ref               : 108.208998
G05_Estimation_Error_Except_Strict_Fail            : 31.584374
G06_Estimation_Error_Except_Strict_Fail_Ref        : 105.092613
H01_Reception_Fails(<3)                            : 0.000000
H02_Reception_Fails_Ref.(<3)                       : 0.000000
H03_Strict_Reception_Fails(<_NV)                   : 0.020999
H04_Strict_Reception_Fails_Ref.(<_NV)              : 0.020999
