27.144968	107.866442
N_steps             : 20001
error(proposed)     : 27.144968
error(original)     : 107.866442
A01_Estimator_Total_Time                           : 3802.000618
A02_Estimator_Setup_Time                           : 3.444399
A03_Estimator_Solving_Time                         : 3737.032913
A04_Estimator_Filtering_Process_Time               : 12.671955
A05_Estimator_KF_Process_Time                      : 46.716508
A06_Solver_PMSs_Solving_Time                       : 3632.180685
B01_Number_of_PMSs                                 : 79.544476
B02_Number_of_Filtered_PMSs                        : 3.182385
B03_Number_of_PMSs_to_KF                           : 3.182385
C01_Number_of_Selection_Fail_Timesteps             : 0.000000
C02_Number_of_opt1_Fail                            : 0.000000
C03_Number_of_Threshold_opt_Fail                   : 0.030183
C04_Number_of_Kalman_Filter_Fail_Timesteps         : 0.030183
D01_Number_of_Reflections(sim)                     : 0.858511
D02_Number_of_Reflections_Twice(sim)               : 0.000000
E01_Number_of_Selected_Beacons                     : 5.141076
F01_Number_of_Failed_Timesteps                     : 0.029299
F02_Number_of_Timesteps                            : 20001.000000
G01_Estimation_Error(sim)                          : 27.144968
G02_Estimation_Error_Reference(sim)                : 107.866442
G03_Estimation_Error_Except_Fail                   : 27.144968
G04_Estimation_Error_Except_Fail_Ref               : 107.866442
G05_Estimation_Error_Except_Strict_Fail            : 26.407742
G06_Estimation_Error_Except_Strict_Fail_Ref        : 106.325012
H01_Reception_Fails(<3)                            : 0.000000
H02_Reception_Fails_Ref.(<3)                       : 0.000000
H03_Strict_Reception_Fails(<_NV)                   : 0.009550
H04_Strict_Reception_Fails_Ref.(<_NV)              : 0.009550
