27.487362	109.295366
N_steps             : 20001
error(proposed)     : 27.487362
error(original)     : 109.295366
A01_Estimator_Total_Time                           : 4875.398250
A02_Estimator_Setup_Time                           : 4.459945
A03_Estimator_Solving_Time                         : 4791.025732
A04_Estimator_Filtering_Process_Time               : 18.764989
A05_Estimator_KF_Process_Time                      : 57.965725
A06_Solver_PMSs_Solving_Time                       : 4651.107530
B01_Number_of_PMSs                                 : 83.875486
B02_Number_of_Filtered_PMSs                        : 3.188152
B03_Number_of_PMSs_to_KF                           : 3.188152
C01_Number_of_Selection_Fail_Timesteps             : 0.000000
C02_Number_of_opt1_Fail                            : 0.000000
C03_Number_of_Threshold_opt_Fail                   : 0.023174
C04_Number_of_Kalman_Filter_Fail_Timesteps         : 0.023174
D01_Number_of_Reflections(sim)                     : 0.756446
D02_Number_of_Reflections_Twice(sim)               : 0.000000
E01_Number_of_Selected_Beacons                     : 5.107786
F01_Number_of_Failed_Timesteps                     : 0.022649
F02_Number_of_Timesteps                            : 20001.000000
G01_Estimation_Error(sim)                          : 27.487362
G02_Estimation_Error_Reference(sim)                : 109.295366
G03_Estimation_Error_Except_Fail                   : 27.487362
G04_Estimation_Error_Except_Fail_Ref               : 109.295366
G05_Estimation_Error_Except_Strict_Fail            : 26.913589
G06_Estimation_Error_Except_Strict_Fail_Ref        : 107.973601
H01_Reception_Fails(<3)                            : 0.000000
H02_Reception_Fails_Ref.(<3)                       : 0.000000
H03_Strict_Reception_Fails(<_NV)                   : 0.007900
H04_Strict_Reception_Fails_Ref.(<_NV)              : 0.007900
