29.207370	93.723386
N_steps             : 20001
error(proposed)     : 29.207370
error(original)     : 93.723386
A01_Estimator_Total_Time                           : 4062.049478
A02_Estimator_Setup_Time                           : 5.251040
A03_Estimator_Solving_Time                         : 3993.122232
A04_Estimator_Filtering_Process_Time               : 15.296049
A05_Estimator_KF_Process_Time                      : 45.689924
A06_Solver_PMSs_Solving_Time                       : 3880.075836
B01_Number_of_PMSs                                 : 73.133638
B02_Number_of_Filtered_PMSs                        : 2.765093
B03_Number_of_PMSs_to_KF                           : 2.765093
C01_Number_of_Selection_Fail_Timesteps             : 0.000000
C02_Number_of_opt1_Fail                            : 0.000000
C03_Number_of_Threshold_opt_Fail                   : 0.027642
C04_Number_of_Kalman_Filter_Fail_Timesteps         : 0.027642
D01_Number_of_Reflections(sim)                     : 0.588450
D02_Number_of_Reflections_Twice(sim)               : 0.000000
E01_Number_of_Selected_Beacons                     : 5.121564
F01_Number_of_Failed_Timesteps                     : 0.026899
F02_Number_of_Timesteps                            : 20001.000000
G01_Estimation_Error(sim)                          : 29.207370
G02_Estimation_Error_Reference(sim)                : 93.723386
G03_Estimation_Error_Except_Fail                   : 29.207370
G04_Estimation_Error_Except_Fail_Ref               : 93.723386
G05_Estimation_Error_Except_Strict_Fail            : 27.851550
G06_Estimation_Error_Except_Strict_Fail_Ref        : 92.015675
H01_Reception_Fails(<3)                            : 0.000000
H02_Reception_Fails_Ref.(<3)                       : 0.000000
H03_Strict_Reception_Fails(<_NV)                   : 0.016199
H04_Strict_Reception_Fails_Ref.(<_NV)              : 0.016199
