31.226061	101.575422
N_steps             : 20001
error(proposed)     : 31.226061
error(original)     : 101.575422
A01_Estimator_Total_Time                           : 4890.153168
A02_Estimator_Setup_Time                           : 6.852573
A03_Estimator_Solving_Time                         : 4810.082787
A04_Estimator_Filtering_Process_Time               : 16.804234
A05_Estimator_KF_Process_Time                      : 53.036498
A06_Solver_PMSs_Solving_Time                       : 4679.069818
B01_Number_of_PMSs                                 : 75.668034
B02_Number_of_Filtered_PMSs                        : 2.871694
B03_Number_of_PMSs_to_KF                           : 2.871694
C01_Number_of_Selection_Fail_Timesteps             : 0.000000
C02_Number_of_opt1_Fail                            : 0.000000
C03_Number_of_Threshold_opt_Fail                   : 0.025272
C04_Number_of_Kalman_Filter_Fail_Timesteps         : 0.025272
D01_Number_of_Reflections(sim)                     : 0.600164
D02_Number_of_Reflections_Twice(sim)               : 0.000000
E01_Number_of_Selected_Beacons                     : 5.118208
F01_Number_of_Failed_Timesteps                     : 0.024649
F02_Number_of_Timesteps                            : 20001.000000
G01_Estimation_Error(sim)                          : 31.226061
G02_Estimation_Error_Reference(sim)                : 101.575422
G03_Estimation_Error_Except_Fail                   : 31.226061
G04_Estimation_Error_Except_Fail_Ref               : 101.575422
G05_Estimation_Error_Except_Strict_Fail            : 30.473366
G06_Estimation_Error_Except_Strict_Fail_Ref        : 100.108674
H01_Reception_Fails(<3)                            : 0.000000
H02_Reception_Fails_Ref.(<3)                       : 0.000000
H03_Strict_Reception_Fails(<_NV)                   : 0.007950
H04_Strict_Reception_Fails_Ref.(<_NV)              : 0.007950
