25.103798	102.362785
N_steps             : 20001
error(proposed)     : 25.103798
error(original)     : 102.362785
A01_Estimator_Total_Time                           : 3026.490894
A02_Estimator_Setup_Time                           : 1.852870
A03_Estimator_Solving_Time                         : 2981.866875
A04_Estimator_Filtering_Process_Time               : 9.727030
A05_Estimator_KF_Process_Time                      : 31.548505
A06_Solver_PMSs_Solving_Time                       : 2905.037244
B01_Number_of_PMSs                                 : 72.090289
B02_Number_of_Filtered_PMSs                        : 2.649207
B03_Number_of_PMSs_to_KF                           : 2.649207
C01_Number_of_Selection_Fail_Timesteps             : 0.000000
C02_Number_of_opt1_Fail                            : 0.000000
C03_Number_of_Threshold_opt_Fail                   : 0.026061
C04_Number_of_Kalman_Filter_Fail_Timesteps         : 0.026061
D01_Number_of_Reflections(sim)                     : 0.688657
D02_Number_of_Reflections_Twice(sim)               : 0.000000
E01_Number_of_Selected_Beacons                     : 5.117837
F01_Number_of_Failed_Timesteps                     : 0.025399
F02_Number_of_Timesteps                            : 20001.000000
G01_Estimation_Error(sim)                          : 25.103798
G02_Estimation_Error_Reference(sim)                : 102.362785
G03_Estimation_Error_Except_Fail                   : 25.103798
G04_Estimation_Error_Except_Fail_Ref               : 102.362785
G05_Estimation_Error_Except_Strict_Fail            : 23.793098
G06_Estimation_Error_Except_Strict_Fail_Ref        : 101.007349
H01_Reception_Fails(<3)                            : 0.000000
H02_Reception_Fails_Ref.(<3)                       : 0.000000
H03_Strict_Reception_Fails(<_NV)                   : 0.012149
H04_Strict_Reception_Fails_Ref.(<_NV)              : 0.012149
