30.691420	118.646400
N_steps             : 20001
error(proposed)     : 30.691420
error(original)     : 118.646400
A01_Estimator_Total_Time                           : 4490.300016
A02_Estimator_Setup_Time                           : 4.717309
A03_Estimator_Solving_Time                         : 4402.146481
A04_Estimator_Filtering_Process_Time               : 18.671819
A05_Estimator_KF_Process_Time                      : 62.390477
A06_Solver_PMSs_Solving_Time                       : 4273.570984
B01_Number_of_PMSs                                 : 80.612687
B02_Number_of_Filtered_PMSs                        : 3.414337
B03_Number_of_PMSs_to_KF                           : 3.414337
C01_Number_of_Selection_Fail_Timesteps             : 0.000000
C02_Number_of_opt1_Fail                            : 0.000000
C03_Number_of_Threshold_opt_Fail                   : 0.037450
C04_Number_of_Kalman_Filter_Fail_Timesteps         : 0.037450
D01_Number_of_Reflections(sim)                     : 0.895793
D02_Number_of_Reflections_Twice(sim)               : 0.000000
E01_Number_of_Selected_Beacons                     : 5.174387
F01_Number_of_Failed_Timesteps                     : 0.036098
F02_Number_of_Timesteps                            : 20001.000000
G01_Estimation_Error(sim)                          : 30.691420
G02_Estimation_Error_Reference(sim)                : 118.646400
G03_Estimation_Error_Except_Fail                   : 30.691420
G04_Estimation_Error_Except_Fail_Ref               : 118.646400
G05_Estimation_Error_Except_Strict_Fail            : 28.998387
G06_Estimation_Error_Except_Strict_Fail_Ref        : 116.579245
H01_Reception_Fails(<3)                            : 0.000000
H02_Reception_Fails_Ref.(<3)                       : 0.000000
H03_Strict_Reception_Fails(<_NV)                   : 0.012399
H04_Strict_Reception_Fails_Ref.(<_NV)              : 0.012399
