24.701902	101.965817
N_steps             : 20001
error(proposed)     : 24.701902
error(original)     : 101.965817
A01_Estimator_Total_Time                           : 3881.025776
A02_Estimator_Setup_Time                           : 5.773181
A03_Estimator_Solving_Time                         : 3811.041017
A04_Estimator_Filtering_Process_Time               : 12.829694
A05_Estimator_KF_Process_Time                      : 48.627167
A06_Solver_PMSs_Solving_Time                       : 3699.137063
B01_Number_of_PMSs                                 : 68.876950
B02_Number_of_Filtered_PMSs                        : 2.729249
B03_Number_of_PMSs_to_KF                           : 2.729249
C01_Number_of_Selection_Fail_Timesteps             : 0.000000
C02_Number_of_opt1_Fail                            : 0.000000
C03_Number_of_Threshold_opt_Fail                   : 0.022912
C04_Number_of_Kalman_Filter_Fail_Timesteps         : 0.022912
D01_Number_of_Reflections(sim)                     : 0.597453
D02_Number_of_Reflections_Twice(sim)               : 0.000000
E01_Number_of_Selected_Beacons                     : 5.106582
F01_Number_of_Failed_Timesteps                     : 0.022399
F02_Number_of_Timesteps                            : 20001.000000
G01_Estimation_Error(sim)                          : 24.701902
G02_Estimation_Error_Reference(sim)                : 101.965817
G03_Estimation_Error_Except_Fail                   : 24.701902
G04_Estimation_Error_Except_Fail_Ref               : 101.965817
G05_Estimation_Error_Except_Strict_Fail            : 24.434098
G06_Estimation_Error_Except_Strict_Fail_Ref        : 100.865608
H01_Reception_Fails(<3)                            : 0.000000
H02_Reception_Fails_Ref.(<3)                       : 0.000000
H03_Strict_Reception_Fails(<_NV)                   : 0.006750
H04_Strict_Reception_Fails_Ref.(<_NV)              : 0.006750
