32.038862	107.648653
N_steps             : 20001
error(proposed)     : 32.038862
error(original)     : 107.648653
A01_Estimator_Total_Time                           : 3721.316493
A02_Estimator_Setup_Time                           : 5.277480
A03_Estimator_Solving_Time                         : 3653.012127
A04_Estimator_Filtering_Process_Time               : 12.440345
A05_Estimator_KF_Process_Time                      : 47.467541
A06_Solver_PMSs_Solving_Time                       : 3546.726546
B01_Number_of_PMSs                                 : 65.939003
B02_Number_of_Filtered_PMSs                        : 2.919342
B03_Number_of_PMSs_to_KF                           : 2.919342
C01_Number_of_Selection_Fail_Timesteps             : 0.000000
C02_Number_of_opt1_Fail                            : 0.000000
C03_Number_of_Threshold_opt_Fail                   : 0.032150
C04_Number_of_Kalman_Filter_Fail_Timesteps         : 0.032150
D01_Number_of_Reflections(sim)                     : 0.680256
D02_Number_of_Reflections_Twice(sim)               : 0.000000
E01_Number_of_Selected_Beacons                     : 5.142275
F01_Number_of_Failed_Timesteps                     : 0.031148
F02_Number_of_Timesteps                            : 20001.000000
G01_Estimation_Error(sim)                          : 32.038862
G02_Estimation_Error_Reference(sim)                : 107.648653
G03_Estimation_Error_Except_Fail                   : 32.038862
G04_Estimation_Error_Except_Fail_Ref               : 107.648653
G05_Estimation_Error_Except_Strict_Fail            : 29.976239
G06_Estimation_Error_Except_Strict_Fail_Ref        : 104.316490
H01_Reception_Fails(<3)                            : 0.000000
H02_Reception_Fails_Ref.(<3)                       : 0.000000
H03_Strict_Reception_Fails(<_NV)                   : 0.016199
H04_Strict_Reception_Fails_Ref.(<_NV)              : 0.016199
