31.102229	96.578177
N_steps             : 20001
error(proposed)     : 31.102229
error(original)     : 96.578177
A01_Estimator_Total_Time                           : 4108.893584
A02_Estimator_Setup_Time                           : 4.145605
A03_Estimator_Solving_Time                         : 4038.720608
A04_Estimator_Filtering_Process_Time               : 15.901873
A05_Estimator_KF_Process_Time                      : 47.894249
A06_Solver_PMSs_Solving_Time                       : 3929.685358
B01_Number_of_PMSs                                 : 72.815870
B02_Number_of_Filtered_PMSs                        : 3.207920
B03_Number_of_PMSs_to_KF                           : 3.207920
C01_Number_of_Selection_Fail_Timesteps             : 0.000000
C02_Number_of_opt1_Fail                            : 0.000000
C03_Number_of_Threshold_opt_Fail                   : 0.023278
C04_Number_of_Kalman_Filter_Fail_Timesteps         : 0.023278
D01_Number_of_Reflections(sim)                     : 0.680497
D02_Number_of_Reflections_Twice(sim)               : 0.000000
E01_Number_of_Selected_Beacons                     : 5.107337
F01_Number_of_Failed_Timesteps                     : 0.022749
F02_Number_of_Timesteps                            : 20001.000000
G01_Estimation_Error(sim)                          : 31.102229
G02_Estimation_Error_Reference(sim)                : 96.578177
G03_Estimation_Error_Except_Fail                   : 31.102229
G04_Estimation_Error_Except_Fail_Ref               : 96.578177
G05_Estimation_Error_Except_Strict_Fail            : 29.628400
G06_Estimation_Error_Except_Strict_Fail_Ref        : 95.863889
H01_Reception_Fails(<3)                            : 0.000000
H02_Reception_Fails_Ref.(<3)                       : 0.000000
H03_Strict_Reception_Fails(<_NV)                   : 0.008850
H04_Strict_Reception_Fails_Ref.(<_NV)              : 0.008850
