29.938978	111.837844
N_steps             : 20001
error(proposed)     : 29.938978
error(original)     : 111.837844
A01_Estimator_Total_Time                           : 4782.139224
A02_Estimator_Setup_Time                           : 5.142307
A03_Estimator_Solving_Time                         : 4700.617159
A04_Estimator_Filtering_Process_Time               : 15.269201
A05_Estimator_KF_Process_Time                      : 58.487799
A06_Solver_PMSs_Solving_Time                       : 4556.613768
B01_Number_of_PMSs                                 : 85.000154
B02_Number_of_Filtered_PMSs                        : 3.548009
B03_Number_of_PMSs_to_KF                           : 3.548009
C01_Number_of_Selection_Fail_Timesteps             : 0.000000
C02_Number_of_opt1_Fail                            : 0.000000
C03_Number_of_Threshold_opt_Fail                   : 0.027537
C04_Number_of_Kalman_Filter_Fail_Timesteps         : 0.027537
D01_Number_of_Reflections(sim)                     : 0.889802
D02_Number_of_Reflections_Twice(sim)               : 0.000000
E01_Number_of_Selected_Beacons                     : 5.121654
F01_Number_of_Failed_Timesteps                     : 0.026799
F02_Number_of_Timesteps                            : 20001.000000
G01_Estimation_Error(sim)                          : 29.938978
G02_Estimation_Error_Reference(sim)                : 111.837844
G03_Estimation_Error_Except_Fail                   : 29.938978
G04_Estimation_Error_Except_Fail_Ref               : 111.837844
G05_Estimation_Error_Except_Strict_Fail            : 28.889866
G06_Estimation_Error_Except_Strict_Fail_Ref        : 110.477248
H01_Reception_Fails(<3)                            : 0.000000
H02_Reception_Fails_Ref.(<3)                       : 0.000000
H03_Strict_Reception_Fails(<_NV)                   : 0.015599
H04_Strict_Reception_Fails_Ref.(<_NV)              : 0.015599
