32.023652	98.945253
N_steps             : 20001
error(proposed)     : 32.023652
error(original)     : 98.945253
A01_Estimator_Total_Time                           : 4092.447545
A02_Estimator_Setup_Time                           : 3.396597
A03_Estimator_Solving_Time                         : 4017.627370
A04_Estimator_Filtering_Process_Time               : 12.717512
A05_Estimator_KF_Process_Time                      : 56.170525
A06_Solver_PMSs_Solving_Time                       : 3905.799172
B01_Number_of_PMSs                                 : 75.547959
B02_Number_of_Filtered_PMSs                        : 3.396341
B03_Number_of_PMSs_to_KF                           : 3.396341
C01_Number_of_Selection_Fail_Timesteps             : 0.000000
C02_Number_of_opt1_Fail                            : 0.000000
C03_Number_of_Threshold_opt_Fail                   : 0.022076
C04_Number_of_Kalman_Filter_Fail_Timesteps         : 0.022076
D01_Number_of_Reflections(sim)                     : 0.619296
D02_Number_of_Reflections_Twice(sim)               : 0.000000
E01_Number_of_Selected_Beacons                     : 5.095713
F01_Number_of_Failed_Timesteps                     : 0.021599
F02_Number_of_Timesteps                            : 20001.000000
G01_Estimation_Error(sim)                          : 32.023652
G02_Estimation_Error_Reference(sim)                : 98.945253
G03_Estimation_Error_Except_Fail                   : 32.023652
G04_Estimation_Error_Except_Fail_Ref               : 98.945253
G05_Estimation_Error_Except_Strict_Fail            : 30.060133
G06_Estimation_Error_Except_Strict_Fail_Ref        : 96.716102
H01_Reception_Fails(<3)                            : 0.000000
H02_Reception_Fails_Ref.(<3)                       : 0.000000
H03_Strict_Reception_Fails(<_NV)                   : 0.014099
H04_Strict_Reception_Fails_Ref.(<_NV)              : 0.014099
