28.579688	97.245758
N_steps             : 20001
error(proposed)     : 28.579688
error(original)     : 97.245758
A01_Estimator_Total_Time                           : 3696.881886
A02_Estimator_Setup_Time                           : 4.282501
A03_Estimator_Solving_Time                         : 3630.446733
A04_Estimator_Filtering_Process_Time               : 13.043505
A05_Estimator_KF_Process_Time                      : 46.292442
A06_Solver_PMSs_Solving_Time                       : 3528.183705
B01_Number_of_PMSs                                 : 65.804714
B02_Number_of_Filtered_PMSs                        : 3.037356
B03_Number_of_PMSs_to_KF                           : 3.037356
C01_Number_of_Selection_Fail_Timesteps             : 0.000000
C02_Number_of_opt1_Fail                            : 0.000000
C03_Number_of_Threshold_opt_Fail                   : 0.024904
C04_Number_of_Kalman_Filter_Fail_Timesteps         : 0.024904
D01_Number_of_Reflections(sim)                     : 0.573354
D02_Number_of_Reflections_Twice(sim)               : 0.000000
E01_Number_of_Selected_Beacons                     : 5.114988
F01_Number_of_Failed_Timesteps                     : 0.024299
F02_Number_of_Timesteps                            : 20001.000000
G01_Estimation_Error(sim)                          : 28.579688
G02_Estimation_Error_Reference(sim)                : 97.245758
G03_Estimation_Error_Except_Fail                   : 28.579688
G04_Estimation_Error_Except_Fail_Ref               : 97.245758
G05_Estimation_Error_Except_Strict_Fail            : 27.202199
G06_Estimation_Error_Except_Strict_Fail_Ref        : 96.345851
H01_Reception_Fails(<3)                            : 0.000000
H02_Reception_Fails_Ref.(<3)                       : 0.000000
H03_Strict_Reception_Fails(<_NV)                   : 0.009300
H04_Strict_Reception_Fails_Ref.(<_NV)              : 0.009300
