24.993649	87.683015
N_steps             : 20001
error(proposed)     : 24.993649
error(original)     : 87.683015
A01_Estimator_Total_Time                           : 3513.451057
A02_Estimator_Setup_Time                           : 7.026302
A03_Estimator_Solving_Time                         : 3441.863847
A04_Estimator_Filtering_Process_Time               : 15.573904
A05_Estimator_KF_Process_Time                      : 46.144817
A06_Solver_PMSs_Solving_Time                       : 3335.970913
B01_Number_of_PMSs                                 : 60.937958
B02_Number_of_Filtered_PMSs                        : 2.384734
B03_Number_of_PMSs_to_KF                           : 2.384734
C01_Number_of_Selection_Fail_Timesteps             : 0.000000
C02_Number_of_opt1_Fail                            : 0.000000
C03_Number_of_Threshold_opt_Fail                   : 0.031511
C04_Number_of_Kalman_Filter_Fail_Timesteps         : 0.031511
D01_Number_of_Reflections(sim)                     : 0.495101
D02_Number_of_Reflections_Twice(sim)               : 0.000000
E01_Number_of_Selected_Beacons                     : 5.148788
F01_Number_of_Failed_Timesteps                     : 0.030548
F02_Number_of_Timesteps                            : 20001.000000
G01_Estimation_Error(sim)                          : 24.993649
G02_Estimation_Error_Reference(sim)                : 87.683015
G03_Estimation_Error_Except_Fail                   : 24.993649
G04_Estimation_Error_Except_Fail_Ref               : 87.683015
G05_Estimation_Error_Except_Strict_Fail            : 24.135212
G06_Estimation_Error_Except_Strict_Fail_Ref        : 86.590562
H01_Reception_Fails(<3)                            : 0.000000
H02_Reception_Fails_Ref.(<3)                       : 0.000000
H03_Strict_Reception_Fails(<_NV)                   : 0.007600
H04_Strict_Reception_Fails_Ref.(<_NV)              : 0.007600
