27.976714	115.885479
N_steps             : 20001
error(proposed)     : 27.976714
error(original)     : 115.885479
A01_Estimator_Total_Time                           : 4370.851958
A02_Estimator_Setup_Time                           : 6.929977
A03_Estimator_Solving_Time                         : 4300.983391
A04_Estimator_Filtering_Process_Time               : 13.144659
A05_Estimator_KF_Process_Time                      : 47.943152
A06_Solver_PMSs_Solving_Time                       : 4180.029885
B01_Number_of_PMSs                                 : 84.134406
B02_Number_of_Filtered_PMSs                        : 3.405218
B03_Number_of_PMSs_to_KF                           : 3.405218
C01_Number_of_Selection_Fail_Timesteps             : 0.000000
C02_Number_of_opt1_Fail                            : 0.000000
C03_Number_of_Threshold_opt_Fail                   : 0.025272
C04_Number_of_Kalman_Filter_Fail_Timesteps         : 0.025272
D01_Number_of_Reflections(sim)                     : 0.842065
D02_Number_of_Reflections_Twice(sim)               : 0.000000
E01_Number_of_Selected_Beacons                     : 5.115696
F01_Number_of_Failed_Timesteps                     : 0.024649
F02_Number_of_Timesteps                            : 20001.000000
G01_Estimation_Error(sim)                          : 27.976714
G02_Estimation_Error_Reference(sim)                : 115.885479
G03_Estimation_Error_Except_Fail                   : 27.976714
G04_Estimation_Error_Except_Fail_Ref               : 115.885479
G05_Estimation_Error_Except_Strict_Fail            : 26.773376
G06_Estimation_Error_Except_Strict_Fail_Ref        : 113.422680
H01_Reception_Fails(<3)                            : 0.000000
H02_Reception_Fails_Ref.(<3)                       : 0.000000
H03_Strict_Reception_Fails(<_NV)                   : 0.010049
H04_Strict_Reception_Fails_Ref.(<_NV)              : 0.010049
