33.730753	101.315803
N_steps             : 20001
error(proposed)     : 33.730753
error(original)     : 101.315803
A01_Estimator_Total_Time                           : 4362.934061
A02_Estimator_Setup_Time                           : 6.330208
A03_Estimator_Solving_Time                         : 4278.952403
A04_Estimator_Filtering_Process_Time               : 15.594528
A05_Estimator_KF_Process_Time                      : 59.628343
A06_Solver_PMSs_Solving_Time                       : 4159.803976
B01_Number_of_PMSs                                 : 75.947843
B02_Number_of_Filtered_PMSs                        : 3.639615
B03_Number_of_PMSs_to_KF                           : 3.639615
C01_Number_of_Selection_Fail_Timesteps             : 0.000000
C02_Number_of_opt1_Fail                            : 0.000000
C03_Number_of_Threshold_opt_Fail                   : 0.024746
C04_Number_of_Kalman_Filter_Fail_Timesteps         : 0.024746
D01_Number_of_Reflections(sim)                     : 0.701762
D02_Number_of_Reflections_Twice(sim)               : 0.000000
E01_Number_of_Selected_Beacons                     : 5.103545
F01_Number_of_Failed_Timesteps                     : 0.024149
F02_Number_of_Timesteps                            : 20001.000000
G01_Estimation_Error(sim)                          : 33.730753
G02_Estimation_Error_Reference(sim)                : 101.315803
G03_Estimation_Error_Except_Fail                   : 33.730753
G04_Estimation_Error_Except_Fail_Ref               : 101.315803
G05_Estimation_Error_Except_Strict_Fail            : 31.450200
G06_Estimation_Error_Except_Strict_Fail_Ref        : 100.059964
H01_Reception_Fails(<3)                            : 0.000000
H02_Reception_Fails_Ref.(<3)                       : 0.000000
H03_Strict_Reception_Fails(<_NV)                   : 0.017949
H04_Strict_Reception_Fails_Ref.(<_NV)              : 0.017949
