28.343509	115.262918
N_steps             : 20001
error(proposed)     : 28.343509
error(original)     : 115.262918
A01_Estimator_Total_Time                           : 3141.675956
A02_Estimator_Setup_Time                           : 2.540577
A03_Estimator_Solving_Time                         : 3095.446505
A04_Estimator_Filtering_Process_Time               : 9.812533
A05_Estimator_KF_Process_Time                      : 32.191635
A06_Solver_PMSs_Solving_Time                       : 3013.032764
B01_Number_of_PMSs                                 : 69.917075
B02_Number_of_Filtered_PMSs                        : 2.450255
B03_Number_of_PMSs_to_KF                           : 2.450255
C01_Number_of_Selection_Fail_Timesteps             : 0.000000
C02_Number_of_opt1_Fail                            : 0.000000
C03_Number_of_Threshold_opt_Fail                   : 0.041827
C04_Number_of_Kalman_Filter_Fail_Timesteps         : 0.041827
D01_Number_of_Reflections(sim)                     : 0.851755
D02_Number_of_Reflections_Twice(sim)               : 0.000000
E01_Number_of_Selected_Beacons                     : 5.200802
F01_Number_of_Failed_Timesteps                     : 0.040148
F02_Number_of_Timesteps                            : 20001.000000
G01_Estimation_Error(sim)                          : 28.343509
G02_Estimation_Error_Reference(sim)                : 115.262918
G03_Estimation_Error_Except_Fail                   : 28.343509
G04_Estimation_Error_Except_Fail_Ref               : 115.262918
G05_Estimation_Error_Except_Strict_Fail            : 27.752312
G06_Estimation_Error_Except_Strict_Fail_Ref        : 114.508374
H01_Reception_Fails(<3)                            : 0.000000
H02_Reception_Fails_Ref.(<3)                       : 0.000000
H03_Strict_Reception_Fails(<_NV)                   : 0.008000
H04_Strict_Reception_Fails_Ref.(<_NV)              : 0.008000
