33.100509	117.948383
N_steps             : 20001
error(proposed)     : 33.100509
error(original)     : 117.948383
A01_Estimator_Total_Time                           : 4661.814794
A02_Estimator_Setup_Time                           : 5.218987
A03_Estimator_Solving_Time                         : 4576.672596
A04_Estimator_Filtering_Process_Time               : 16.274144
A05_Estimator_KF_Process_Time                      : 61.252666
A06_Solver_PMSs_Solving_Time                       : 4447.462631
B01_Number_of_PMSs                                 : 82.880049
B02_Number_of_Filtered_PMSs                        : 3.739286
B03_Number_of_PMSs_to_KF                           : 3.739286
C01_Number_of_Selection_Fail_Timesteps             : 0.000000
C02_Number_of_opt1_Fail                            : 0.000000
C03_Number_of_Threshold_opt_Fail                   : 0.025272
C04_Number_of_Kalman_Filter_Fail_Timesteps         : 0.025272
D01_Number_of_Reflections(sim)                     : 0.952122
D02_Number_of_Reflections_Twice(sim)               : 0.000000
E01_Number_of_Selected_Beacons                     : 5.119900
F01_Number_of_Failed_Timesteps                     : 0.024649
F02_Number_of_Timesteps                            : 20001.000000
G01_Estimation_Error(sim)                          : 33.100509
G02_Estimation_Error_Reference(sim)                : 117.948383
G03_Estimation_Error_Except_Fail                   : 33.100509
G04_Estimation_Error_Except_Fail_Ref               : 117.948383
G05_Estimation_Error_Except_Strict_Fail            : 31.787319
G06_Estimation_Error_Except_Strict_Fail_Ref        : 117.364268
H01_Reception_Fails(<3)                            : 0.000000
H02_Reception_Fails_Ref.(<3)                       : 0.000000
H03_Strict_Reception_Fails(<_NV)                   : 0.006300
H04_Strict_Reception_Fails_Ref.(<_NV)              : 0.006300
