33.001781	113.270524
N_steps             : 20001
error(proposed)     : 33.001781
error(original)     : 113.270524
A01_Estimator_Total_Time                           : 4538.687241
A02_Estimator_Setup_Time                           : 4.758234
A03_Estimator_Solving_Time                         : 4452.930287
A04_Estimator_Filtering_Process_Time               : 15.765456
A05_Estimator_KF_Process_Time                      : 62.018593
A06_Solver_PMSs_Solving_Time                       : 4324.709778
B01_Number_of_PMSs                                 : 80.428469
B02_Number_of_Filtered_PMSs                        : 3.680582
B03_Number_of_PMSs_to_KF                           : 3.680582
C01_Number_of_Selection_Fail_Timesteps             : 0.000000
C02_Number_of_opt1_Fail                            : 0.000000
C03_Number_of_Threshold_opt_Fail                   : 0.024484
C04_Number_of_Kalman_Filter_Fail_Timesteps         : 0.024484
D01_Number_of_Reflections(sim)                     : 0.902115
D02_Number_of_Reflections_Twice(sim)               : 0.000000
E01_Number_of_Selected_Beacons                     : 5.102290
F01_Number_of_Failed_Timesteps                     : 0.023899
F02_Number_of_Timesteps                            : 20001.000000
G01_Estimation_Error(sim)                          : 33.001781
G02_Estimation_Error_Reference(sim)                : 113.270524
G03_Estimation_Error_Except_Fail                   : 33.001781
G04_Estimation_Error_Except_Fail_Ref               : 113.270524
G05_Estimation_Error_Except_Strict_Fail            : 30.026844
G06_Estimation_Error_Except_Strict_Fail_Ref        : 109.527474
H01_Reception_Fails(<3)                            : 0.000000
H02_Reception_Fails_Ref.(<3)                       : 0.000000
H03_Strict_Reception_Fails(<_NV)                   : 0.018499
H04_Strict_Reception_Fails_Ref.(<_NV)              : 0.018499
