29.108957	91.899811
N_steps             : 20001
error(proposed)     : 29.108957
error(original)     : 91.899811
A01_Estimator_Total_Time                           : 3254.614617
A02_Estimator_Setup_Time                           : 4.039500
A03_Estimator_Solving_Time                         : 3194.699378
A04_Estimator_Filtering_Process_Time               : 10.835056
A05_Estimator_KF_Process_Time                      : 43.094790
A06_Solver_PMSs_Solving_Time                       : 3100.382451
B01_Number_of_PMSs                                 : 59.665072
B02_Number_of_Filtered_PMSs                        : 2.650825
B03_Number_of_PMSs_to_KF                           : 2.650825
C01_Number_of_Selection_Fail_Timesteps             : 0.000000
C02_Number_of_opt1_Fail                            : 0.000000
C03_Number_of_Threshold_opt_Fail                   : 0.028699
C04_Number_of_Kalman_Filter_Fail_Timesteps         : 0.028699
D01_Number_of_Reflections(sim)                     : 0.531399
D02_Number_of_Reflections_Twice(sim)               : 0.000000
E01_Number_of_Selected_Beacons                     : 5.123901
F01_Number_of_Failed_Timesteps                     : 0.027899
F02_Number_of_Timesteps                            : 20001.000000
G01_Estimation_Error(sim)                          : 29.108957
G02_Estimation_Error_Reference(sim)                : 91.899811
G03_Estimation_Error_Except_Fail                   : 29.108957
G04_Estimation_Error_Except_Fail_Ref               : 91.899811
G05_Estimation_Error_Except_Strict_Fail            : 26.661149
G06_Estimation_Error_Except_Strict_Fail_Ref        : 89.791955
H01_Reception_Fails(<3)                            : 0.000000
H02_Reception_Fails_Ref.(<3)                       : 0.000000
H03_Strict_Reception_Fails(<_NV)                   : 0.018999
H04_Strict_Reception_Fails_Ref.(<_NV)              : 0.018999
