26.618545	91.791410
N_steps             : 20001
error(proposed)     : 26.618545
error(original)     : 91.791410
A01_Estimator_Total_Time                           : 4358.960675
A02_Estimator_Setup_Time                           : 4.744104
A03_Estimator_Solving_Time                         : 4282.627922
A04_Estimator_Filtering_Process_Time               : 16.534352
A05_Estimator_KF_Process_Time                      : 52.263074
A06_Solver_PMSs_Solving_Time                       : 4154.755691
B01_Number_of_PMSs                                 : 78.870386
B02_Number_of_Filtered_PMSs                        : 3.032814
B03_Number_of_PMSs_to_KF                           : 3.032814
C01_Number_of_Selection_Fail_Timesteps             : 0.000000
C02_Number_of_opt1_Fail                            : 0.000000
C03_Number_of_Threshold_opt_Fail                   : 0.025482
C04_Number_of_Kalman_Filter_Fail_Timesteps         : 0.025482
D01_Number_of_Reflections(sim)                     : 0.620386
D02_Number_of_Reflections_Twice(sim)               : 0.000000
E01_Number_of_Selected_Beacons                     : 5.123872
F01_Number_of_Failed_Timesteps                     : 0.024849
F02_Number_of_Timesteps                            : 20001.000000
G01_Estimation_Error(sim)                          : 26.618545
G02_Estimation_Error_Reference(sim)                : 91.791410
G03_Estimation_Error_Except_Fail                   : 26.618545
G04_Estimation_Error_Except_Fail_Ref               : 91.791410
G05_Estimation_Error_Except_Strict_Fail            : 26.145804
G06_Estimation_Error_Except_Strict_Fail_Ref        : 91.727235
H01_Reception_Fails(<3)                            : 0.000000
H02_Reception_Fails_Ref.(<3)                       : 0.000000
H03_Strict_Reception_Fails(<_NV)                   : 0.003450
H04_Strict_Reception_Fails_Ref.(<_NV)              : 0.003450
