23.075542	101.872718
N_steps             : 20001
error(proposed)     : 23.075542
error(original)     : 101.872718
A01_Estimator_Total_Time                           : 4260.481406
A02_Estimator_Setup_Time                           : 4.233536
A03_Estimator_Solving_Time                         : 4182.421670
A04_Estimator_Filtering_Process_Time               : 15.717033
A05_Estimator_KF_Process_Time                      : 55.222823
A06_Solver_PMSs_Solving_Time                       : 4061.596388
B01_Number_of_PMSs                                 : 77.069785
B02_Number_of_Filtered_PMSs                        : 3.302454
B03_Number_of_PMSs_to_KF                           : 3.302454
C01_Number_of_Selection_Fail_Timesteps             : 0.000000
C02_Number_of_opt1_Fail                            : 0.000000
C03_Number_of_Threshold_opt_Fail                   : 0.020303
C04_Number_of_Kalman_Filter_Fail_Timesteps         : 0.020303
D01_Number_of_Reflections(sim)                     : 0.708820
D02_Number_of_Reflections_Twice(sim)               : 0.000000
E01_Number_of_Selected_Beacons                     : 5.095190
F01_Number_of_Failed_Timesteps                     : 0.019899
F02_Number_of_Timesteps                            : 20001.000000
G01_Estimation_Error(sim)                          : 23.075542
G02_Estimation_Error_Reference(sim)                : 101.872718
G03_Estimation_Error_Except_Fail                   : 23.075542
G04_Estimation_Error_Except_Fail_Ref               : 101.872718
G05_Estimation_Error_Except_Strict_Fail            : 22.907351
G06_Estimation_Error_Except_Strict_Fail_Ref        : 100.477808
H01_Reception_Fails(<3)                            : 0.000000
H02_Reception_Fails_Ref.(<3)                       : 0.000000
H03_Strict_Reception_Fails(<_NV)                   : 0.005050
H04_Strict_Reception_Fails_Ref.(<_NV)              : 0.005050
