34.011851	119.833558
N_steps             : 20001
error(proposed)     : 34.011851
error(original)     : 119.833558
A01_Estimator_Total_Time                           : 5633.443237
A02_Estimator_Setup_Time                           : 4.549812
A03_Estimator_Solving_Time                         : 5525.817639
A04_Estimator_Filtering_Process_Time               : 18.514854
A05_Estimator_KF_Process_Time                      : 81.414766
A06_Solver_PMSs_Solving_Time                       : 5366.926994
B01_Number_of_PMSs                                 : 101.286773
B02_Number_of_Filtered_PMSs                        : 4.977604
B03_Number_of_PMSs_to_KF                           : 4.977604
C01_Number_of_Selection_Fail_Timesteps             : 0.000000
C02_Number_of_opt1_Fail                            : 0.000000
C03_Number_of_Threshold_opt_Fail                   : 0.029759
C04_Number_of_Kalman_Filter_Fail_Timesteps         : 0.029759
D01_Number_of_Reflections(sim)                     : 1.055810
D02_Number_of_Reflections_Twice(sim)               : 0.000000
E01_Number_of_Selected_Beacons                     : 5.136488
F01_Number_of_Failed_Timesteps                     : 0.028899
F02_Number_of_Timesteps                            : 20001.000000
G01_Estimation_Error(sim)                          : 34.011851
G02_Estimation_Error_Reference(sim)                : 119.833558
G03_Estimation_Error_Except_Fail                   : 34.011851
G04_Estimation_Error_Except_Fail_Ref               : 119.833558
G05_Estimation_Error_Except_Strict_Fail            : 32.895674
G06_Estimation_Error_Except_Strict_Fail_Ref        : 118.446879
H01_Reception_Fails(<3)                            : 0.000000
H02_Reception_Fails_Ref.(<3)                       : 0.000000
H03_Strict_Reception_Fails(<_NV)                   : 0.011949
H04_Strict_Reception_Fails_Ref.(<_NV)              : 0.011949
