28.501909	109.646289
N_steps             : 20001
error(proposed)     : 28.501909
error(original)     : 109.646289
A01_Estimator_Total_Time                           : 4611.087142
A02_Estimator_Setup_Time                           : 4.855260
A03_Estimator_Solving_Time                         : 4520.945325
A04_Estimator_Filtering_Process_Time               : 18.375955
A05_Estimator_KF_Process_Time                      : 62.718829
A06_Solver_PMSs_Solving_Time                       : 4385.699031
B01_Number_of_PMSs                                 : 83.203108
B02_Number_of_Filtered_PMSs                        : 3.603170
B03_Number_of_PMSs_to_KF                           : 3.603170
C01_Number_of_Selection_Fail_Timesteps             : 0.000000
C02_Number_of_opt1_Fail                            : 0.000000
C03_Number_of_Threshold_opt_Fail                   : 0.025850
C04_Number_of_Kalman_Filter_Fail_Timesteps         : 0.025850
D01_Number_of_Reflections(sim)                     : 0.839052
D02_Number_of_Reflections_Twice(sim)               : 0.000000
E01_Number_of_Selected_Beacons                     : 5.114787
F01_Number_of_Failed_Timesteps                     : 0.025199
F02_Number_of_Timesteps                            : 20001.000000
G01_Estimation_Error(sim)                          : 28.501909
G02_Estimation_Error_Reference(sim)                : 109.646289
G03_Estimation_Error_Except_Fail                   : 28.501909
G04_Estimation_Error_Except_Fail_Ref               : 109.646289
G05_Estimation_Error_Except_Strict_Fail            : 27.295867
G06_Estimation_Error_Except_Strict_Fail_Ref        : 108.410082
H01_Reception_Fails(<3)                            : 0.000000
H02_Reception_Fails_Ref.(<3)                       : 0.000000
H03_Strict_Reception_Fails(<_NV)                   : 0.013549
H04_Strict_Reception_Fails_Ref.(<_NV)              : 0.013549
