34.064834	104.831338
N_steps             : 20001
error(proposed)     : 34.064834
error(original)     : 104.831338
A01_Estimator_Total_Time                           : 3851.278709
A02_Estimator_Setup_Time                           : 4.209736
A03_Estimator_Solving_Time                         : 3787.417013
A04_Estimator_Filtering_Process_Time               : 11.486600
A05_Estimator_KF_Process_Time                      : 45.481015
A06_Solver_PMSs_Solving_Time                       : 3679.626800
B01_Number_of_PMSs                                 : 72.663336
B02_Number_of_Filtered_PMSs                        : 3.005176
B03_Number_of_PMSs_to_KF                           : 3.005176
C01_Number_of_Selection_Fail_Timesteps             : 0.000000
C02_Number_of_opt1_Fail                            : 0.000000
C03_Number_of_Threshold_opt_Fail                   : 0.024904
C04_Number_of_Kalman_Filter_Fail_Timesteps         : 0.024904
D01_Number_of_Reflections(sim)                     : 0.614194
D02_Number_of_Reflections_Twice(sim)               : 0.000000
E01_Number_of_Selected_Beacons                     : 5.106021
F01_Number_of_Failed_Timesteps                     : 0.024299
F02_Number_of_Timesteps                            : 20001.000000
G01_Estimation_Error(sim)                          : 34.064834
G02_Estimation_Error_Reference(sim)                : 104.831338
G03_Estimation_Error_Except_Fail                   : 34.064834
G04_Estimation_Error_Except_Fail_Ref               : 104.831338
G05_Estimation_Error_Except_Strict_Fail            : 31.246874
G06_Estimation_Error_Except_Strict_Fail_Ref        : 102.644427
H01_Reception_Fails(<3)                            : 0.000000
H02_Reception_Fails_Ref.(<3)                       : 0.000000
H03_Strict_Reception_Fails(<_NV)                   : 0.017999
H04_Strict_Reception_Fails_Ref.(<_NV)              : 0.017999
