28.228882	105.160832
N_steps             : 20001
error(proposed)     : 28.228882
error(original)     : 105.160832
A01_Estimator_Total_Time                           : 4448.682424
A02_Estimator_Setup_Time                           : 4.241335
A03_Estimator_Solving_Time                         : 4370.911659
A04_Estimator_Filtering_Process_Time               : 15.681655
A05_Estimator_KF_Process_Time                      : 55.186628
A06_Solver_PMSs_Solving_Time                       : 4247.334649
B01_Number_of_PMSs                                 : 79.683860
B02_Number_of_Filtered_PMSs                        : 3.310347
B03_Number_of_PMSs_to_KF                           : 3.310347
C01_Number_of_Selection_Fail_Timesteps             : 0.000000
C02_Number_of_opt1_Fail                            : 0.000000
C03_Number_of_Threshold_opt_Fail                   : 0.025482
C04_Number_of_Kalman_Filter_Fail_Timesteps         : 0.025482
D01_Number_of_Reflections(sim)                     : 0.725646
D02_Number_of_Reflections_Twice(sim)               : 0.000000
E01_Number_of_Selected_Beacons                     : 5.114233
F01_Number_of_Failed_Timesteps                     : 0.024849
F02_Number_of_Timesteps                            : 20001.000000
G01_Estimation_Error(sim)                          : 28.228882
G02_Estimation_Error_Reference(sim)                : 105.160832
G03_Estimation_Error_Except_Fail                   : 28.228882
G04_Estimation_Error_Except_Fail_Ref               : 105.160832
G05_Estimation_Error_Except_Strict_Fail            : 26.604381
G06_Estimation_Error_Except_Strict_Fail_Ref        : 103.116050
H01_Reception_Fails(<3)                            : 0.000000
H02_Reception_Fails_Ref.(<3)                       : 0.000000
H03_Strict_Reception_Fails(<_NV)                   : 0.012849
H04_Strict_Reception_Fails_Ref.(<_NV)              : 0.012849
