35.896169	125.305136
N_steps             : 20001
error(proposed)     : 35.896169
error(original)     : 125.305136
A01_Estimator_Total_Time                           : 5544.580104
A02_Estimator_Setup_Time                           : 10.049816
A03_Estimator_Solving_Time                         : 5430.980239
A04_Estimator_Filtering_Process_Time               : 17.021675
A05_Estimator_KF_Process_Time                      : 82.752470
A06_Solver_PMSs_Solving_Time                       : 5278.118618
B01_Number_of_PMSs                                 : 86.602918
B02_Number_of_Filtered_PMSs                        : 3.876209
B03_Number_of_PMSs_to_KF                           : 3.876209
C01_Number_of_Selection_Fail_Timesteps             : 0.000000
C02_Number_of_opt1_Fail                            : 0.000000
C03_Number_of_Threshold_opt_Fail                   : 0.034659
C04_Number_of_Kalman_Filter_Fail_Timesteps         : 0.034659
D01_Number_of_Reflections(sim)                     : 0.863794
D02_Number_of_Reflections_Twice(sim)               : 0.000000
E01_Number_of_Selected_Beacons                     : 5.150742
F01_Number_of_Failed_Timesteps                     : 0.033498
F02_Number_of_Timesteps                            : 20001.000000
G01_Estimation_Error(sim)                          : 35.896169
G02_Estimation_Error_Reference(sim)                : 125.305136
G03_Estimation_Error_Except_Fail                   : 35.896169
G04_Estimation_Error_Except_Fail_Ref               : 125.305136
G05_Estimation_Error_Except_Strict_Fail            : 33.932136
G06_Estimation_Error_Except_Strict_Fail_Ref        : 121.550064
H01_Reception_Fails(<3)                            : 0.000000
H02_Reception_Fails_Ref.(<3)                       : 0.000000
H03_Strict_Reception_Fails(<_NV)                   : 0.021399
H04_Strict_Reception_Fails_Ref.(<_NV)              : 0.021399
