32.148379	98.830074
N_steps             : 20001
error(proposed)     : 32.148379
error(original)     : 98.830074
A01_Estimator_Total_Time                           : 4846.274220
A02_Estimator_Setup_Time                           : 5.197647
A03_Estimator_Solving_Time                         : 4759.726547
A04_Estimator_Filtering_Process_Time               : 18.632020
A05_Estimator_KF_Process_Time                      : 59.954680
A06_Solver_PMSs_Solving_Time                       : 4615.909770
B01_Number_of_PMSs                                 : 87.394731
B02_Number_of_Filtered_PMSs                        : 3.812327
B03_Number_of_PMSs_to_KF                           : 3.812327
C01_Number_of_Selection_Fail_Timesteps             : 0.000000
C02_Number_of_opt1_Fail                            : 0.000000
C03_Number_of_Threshold_opt_Fail                   : 0.023069
C04_Number_of_Kalman_Filter_Fail_Timesteps         : 0.023069
D01_Number_of_Reflections(sim)                     : 0.613453
D02_Number_of_Reflections_Twice(sim)               : 0.000000
E01_Number_of_Selected_Beacons                     : 5.093657
F01_Number_of_Failed_Timesteps                     : 0.022549
F02_Number_of_Timesteps                            : 20001.000000
G01_Estimation_Error(sim)                          : 32.148379
G02_Estimation_Error_Reference(sim)                : 98.830074
G03_Estimation_Error_Except_Fail                   : 32.148379
G04_Estimation_Error_Except_Fail_Ref               : 98.830074
G05_Estimation_Error_Except_Strict_Fail            : 29.098769
G06_Estimation_Error_Except_Strict_Fail_Ref        : 95.217417
H01_Reception_Fails(<3)                            : 0.000000
H02_Reception_Fails_Ref.(<3)                       : 0.000000
H03_Strict_Reception_Fails(<_NV)                   : 0.018399
H04_Strict_Reception_Fails_Ref.(<_NV)              : 0.018399
