32.368698	101.338050
N_steps             : 20001
error(proposed)     : 32.368698
error(original)     : 101.338050
A01_Estimator_Total_Time                           : 4143.674932
A02_Estimator_Setup_Time                           : 6.508377
A03_Estimator_Solving_Time                         : 4074.638023
A04_Estimator_Filtering_Process_Time               : 13.761740
A05_Estimator_KF_Process_Time                      : 45.478994
A06_Solver_PMSs_Solving_Time                       : 3965.963091
B01_Number_of_PMSs                                 : 71.357493
B02_Number_of_Filtered_PMSs                        : 2.610598
B03_Number_of_PMSs_to_KF                           : 2.610598
C01_Number_of_Selection_Fail_Timesteps             : 0.000000
C02_Number_of_opt1_Fail                            : 0.000000
C03_Number_of_Threshold_opt_Fail                   : 0.031033
C04_Number_of_Kalman_Filter_Fail_Timesteps         : 0.031033
D01_Number_of_Reflections(sim)                     : 0.589773
D02_Number_of_Reflections_Twice(sim)               : 0.000000
E01_Number_of_Selected_Beacons                     : 5.135059
F01_Number_of_Failed_Timesteps                     : 0.030098
F02_Number_of_Timesteps                            : 20001.000000
G01_Estimation_Error(sim)                          : 32.368698
G02_Estimation_Error_Reference(sim)                : 101.338050
G03_Estimation_Error_Except_Fail                   : 32.368698
G04_Estimation_Error_Except_Fail_Ref               : 101.338050
G05_Estimation_Error_Except_Strict_Fail            : 29.429924
G06_Estimation_Error_Except_Strict_Fail_Ref        : 99.505731
H01_Reception_Fails(<3)                            : 0.000000
H02_Reception_Fails_Ref.(<3)                       : 0.000000
H03_Strict_Reception_Fails(<_NV)                   : 0.018899
H04_Strict_Reception_Fails_Ref.(<_NV)              : 0.018899
