31.926371	104.413669
N_steps             : 20001
error(proposed)     : 31.926371
error(original)     : 104.413669
A01_Estimator_Total_Time                           : 4838.843144
A02_Estimator_Setup_Time                           : 6.972229
A03_Estimator_Solving_Time                         : 4741.509129
A04_Estimator_Filtering_Process_Time               : 19.526313
A05_Estimator_KF_Process_Time                      : 66.924308
A06_Solver_PMSs_Solving_Time                       : 4603.996062
B01_Number_of_PMSs                                 : 81.671764
B02_Number_of_Filtered_PMSs                        : 3.837058
B03_Number_of_PMSs_to_KF                           : 3.837058
C01_Number_of_Selection_Fail_Timesteps             : 0.000000
C02_Number_of_opt1_Fail                            : 0.000000
C03_Number_of_Threshold_opt_Fail                   : 0.022912
C04_Number_of_Kalman_Filter_Fail_Timesteps         : 0.022912
D01_Number_of_Reflections(sim)                     : 0.917404
D02_Number_of_Reflections_Twice(sim)               : 0.000000
E01_Number_of_Selected_Beacons                     : 5.096456
F01_Number_of_Failed_Timesteps                     : 0.022399
F02_Number_of_Timesteps                            : 20001.000000
G01_Estimation_Error(sim)                          : 31.926371
G02_Estimation_Error_Reference(sim)                : 104.413669
G03_Estimation_Error_Except_Fail                   : 31.926371
G04_Estimation_Error_Except_Fail_Ref               : 104.413669
G05_Estimation_Error_Except_Strict_Fail            : 30.170104
G06_Estimation_Error_Except_Strict_Fail_Ref        : 101.687261
H01_Reception_Fails(<3)                            : 0.000000
H02_Reception_Fails_Ref.(<3)                       : 0.000000
H03_Strict_Reception_Fails(<_NV)                   : 0.015949
H04_Strict_Reception_Fails_Ref.(<_NV)              : 0.015949
