33.454236	96.364736
N_steps             : 20001
error(proposed)     : 33.454236
error(original)     : 96.364736
A01_Estimator_Total_Time                           : 3543.252099
A02_Estimator_Setup_Time                           : 4.964776
A03_Estimator_Solving_Time                         : 3475.503328
A04_Estimator_Filtering_Process_Time               : 11.643610
A05_Estimator_KF_Process_Time                      : 48.902826
A06_Solver_PMSs_Solving_Time                       : 3377.592105
B01_Number_of_PMSs                                 : 63.303860
B02_Number_of_Filtered_PMSs                        : 2.820551
B03_Number_of_PMSs_to_KF                           : 2.820551
C01_Number_of_Selection_Fail_Timesteps             : 0.000000
C02_Number_of_opt1_Fail                            : 0.000000
C03_Number_of_Threshold_opt_Fail                   : 0.024012
C04_Number_of_Kalman_Filter_Fail_Timesteps         : 0.024012
D01_Number_of_Reflections(sim)                     : 0.561284
D02_Number_of_Reflections_Twice(sim)               : 0.000000
E01_Number_of_Selected_Beacons                     : 5.107004
F01_Number_of_Failed_Timesteps                     : 0.023449
F02_Number_of_Timesteps                            : 20001.000000
G01_Estimation_Error(sim)                          : 33.454236
G02_Estimation_Error_Reference(sim)                : 96.364736
G03_Estimation_Error_Except_Fail                   : 33.454236
G04_Estimation_Error_Except_Fail_Ref               : 96.364736
G05_Estimation_Error_Except_Strict_Fail            : 31.423437
G06_Estimation_Error_Except_Strict_Fail_Ref        : 96.131569
H01_Reception_Fails(<3)                            : 0.000000
H02_Reception_Fails_Ref.(<3)                       : 0.000000
H03_Strict_Reception_Fails(<_NV)                   : 0.012749
H04_Strict_Reception_Fails_Ref.(<_NV)              : 0.012749
