30.188341	126.944827
N_steps             : 20001
error(proposed)     : 30.188341
error(original)     : 126.944827
A01_Estimator_Total_Time                           : 4007.732546
A02_Estimator_Setup_Time                           : 2.662989
A03_Estimator_Solving_Time                         : 3935.826957
A04_Estimator_Filtering_Process_Time               : 14.083892
A05_Estimator_KF_Process_Time                      : 53.178045
A06_Solver_PMSs_Solving_Time                       : 3829.128236
B01_Number_of_PMSs                                 : 77.781427
B02_Number_of_Filtered_PMSs                        : 3.483603
B03_Number_of_PMSs_to_KF                           : 3.483603
C01_Number_of_Selection_Fail_Timesteps             : 0.000000
C02_Number_of_opt1_Fail                            : 0.000000
C03_Number_of_Threshold_opt_Fail                   : 0.031298
C04_Number_of_Kalman_Filter_Fail_Timesteps         : 0.031298
D01_Number_of_Reflections(sim)                     : 0.934619
D02_Number_of_Reflections_Twice(sim)               : 0.000000
E01_Number_of_Selected_Beacons                     : 5.139425
F01_Number_of_Failed_Timesteps                     : 0.030348
F02_Number_of_Timesteps                            : 20001.000000
G01_Estimation_Error(sim)                          : 30.188341
G02_Estimation_Error_Reference(sim)                : 126.944827
G03_Estimation_Error_Except_Fail                   : 30.188341
G04_Estimation_Error_Except_Fail_Ref               : 126.944827
G05_Estimation_Error_Except_Strict_Fail            : 28.761096
G06_Estimation_Error_Except_Strict_Fail_Ref        : 123.459471
H01_Reception_Fails(<3)                            : 0.000000
H02_Reception_Fails_Ref.(<3)                       : 0.000000
H03_Strict_Reception_Fails(<_NV)                   : 0.016249
H04_Strict_Reception_Fails_Ref.(<_NV)              : 0.016249
