28.967635	96.630936
N_steps             : 20001
error(proposed)     : 28.967635
error(original)     : 96.630936
A01_Estimator_Total_Time                           : 4474.531318
A02_Estimator_Setup_Time                           : 6.660665
A03_Estimator_Solving_Time                         : 4384.205242
A04_Estimator_Filtering_Process_Time               : 15.317511
A05_Estimator_KF_Process_Time                      : 65.899546
A06_Solver_PMSs_Solving_Time                       : 4249.128418
B01_Number_of_PMSs                                 : 75.905531
B02_Number_of_Filtered_PMSs                        : 3.770767
B03_Number_of_PMSs_to_KF                           : 3.770767
C01_Number_of_Selection_Fail_Timesteps             : 0.000000
C02_Number_of_opt1_Fail                            : 0.000000
C03_Number_of_Threshold_opt_Fail                   : 0.031937
C04_Number_of_Kalman_Filter_Fail_Timesteps         : 0.031937
D01_Number_of_Reflections(sim)                     : 0.679858
D02_Number_of_Reflections_Twice(sim)               : 0.000000
E01_Number_of_Selected_Beacons                     : 5.149985
F01_Number_of_Failed_Timesteps                     : 0.030948
F02_Number_of_Timesteps                            : 20001.000000
G01_Estimation_Error(sim)                          : 28.967635
G02_Estimation_Error_Reference(sim)                : 96.630936
G03_Estimation_Error_Except_Fail                   : 28.967635
G04_Estimation_Error_Except_Fail_Ref               : 96.630936
G05_Estimation_Error_Except_Strict_Fail            : 28.311836
G06_Estimation_Error_Except_Strict_Fail_Ref        : 94.731869
H01_Reception_Fails(<3)                            : 0.000000
H02_Reception_Fails_Ref.(<3)                       : 0.000000
H03_Strict_Reception_Fails(<_NV)                   : 0.009400
H04_Strict_Reception_Fails_Ref.(<_NV)              : 0.009400
