33.029547	124.835213
N_steps             : 20001
error(proposed)     : 33.029547
error(original)     : 124.835213
A01_Estimator_Total_Time                           : 3631.354105
A02_Estimator_Setup_Time                           : 1.466229
A03_Estimator_Solving_Time                         : 3571.762683
A04_Estimator_Filtering_Process_Time               : 11.788716
A05_Estimator_KF_Process_Time                      : 44.576970
A06_Solver_PMSs_Solving_Time                       : 3480.343958
B01_Number_of_PMSs                                 : 92.007072
B02_Number_of_Filtered_PMSs                        : 4.020498
B03_Number_of_PMSs_to_KF                           : 4.020498
C01_Number_of_Selection_Fail_Timesteps             : 0.000000
C02_Number_of_opt1_Fail                            : 0.000000
C03_Number_of_Threshold_opt_Fail                   : 0.024956
C04_Number_of_Kalman_Filter_Fail_Timesteps         : 0.024956
D01_Number_of_Reflections(sim)                     : 0.930973
D02_Number_of_Reflections_Twice(sim)               : 0.000000
E01_Number_of_Selected_Beacons                     : 5.115968
F01_Number_of_Failed_Timesteps                     : 0.024349
F02_Number_of_Timesteps                            : 20001.000000
G01_Estimation_Error(sim)                          : 33.029547
G02_Estimation_Error_Reference(sim)                : 124.835213
G03_Estimation_Error_Except_Fail                   : 33.029547
G04_Estimation_Error_Except_Fail_Ref               : 124.835213
G05_Estimation_Error_Except_Strict_Fail            : 32.399030
G06_Estimation_Error_Except_Strict_Fail_Ref        : 123.660987
H01_Reception_Fails(<3)                            : 0.000000
H02_Reception_Fails_Ref.(<3)                       : 0.000000
H03_Strict_Reception_Fails(<_NV)                   : 0.008600
H04_Strict_Reception_Fails_Ref.(<_NV)              : 0.008600
