30.855067	113.251173
N_steps             : 20001
error(proposed)     : 30.855067
error(original)     : 113.251173
A01_Estimator_Total_Time                           : 4009.936316
A02_Estimator_Setup_Time                           : 3.658203
A03_Estimator_Solving_Time                         : 3940.299118
A04_Estimator_Filtering_Process_Time               : 14.896269
A05_Estimator_KF_Process_Time                      : 48.527120
A06_Solver_PMSs_Solving_Time                       : 3829.291015
B01_Number_of_PMSs                                 : 81.264902
B02_Number_of_Filtered_PMSs                        : 3.449038
B03_Number_of_PMSs_to_KF                           : 3.449038
C01_Number_of_Selection_Fail_Timesteps             : 0.000000
C02_Number_of_opt1_Fail                            : 0.000000
C03_Number_of_Threshold_opt_Fail                   : 0.032203
C04_Number_of_Kalman_Filter_Fail_Timesteps         : 0.032203
D01_Number_of_Reflections(sim)                     : 0.823863
D02_Number_of_Reflections_Twice(sim)               : 0.000000
E01_Number_of_Selected_Beacons                     : 5.145688
F01_Number_of_Failed_Timesteps                     : 0.031198
F02_Number_of_Timesteps                            : 20001.000000
G01_Estimation_Error(sim)                          : 30.855067
G02_Estimation_Error_Reference(sim)                : 113.251173
G03_Estimation_Error_Except_Fail                   : 30.855067
G04_Estimation_Error_Except_Fail_Ref               : 113.251173
G05_Estimation_Error_Except_Strict_Fail            : 29.021221
G06_Estimation_Error_Except_Strict_Fail_Ref        : 112.543884
H01_Reception_Fails(<3)                            : 0.000000
H02_Reception_Fails_Ref.(<3)                       : 0.000000
H03_Strict_Reception_Fails(<_NV)                   : 0.014299
H04_Strict_Reception_Fails_Ref.(<_NV)              : 0.014299
