33.510736	120.383528
N_steps             : 20001
error(proposed)     : 33.510736
error(original)     : 120.383528
A01_Estimator_Total_Time                           : 4545.952705
A02_Estimator_Setup_Time                           : 5.672449
A03_Estimator_Solving_Time                         : 4468.110285
A04_Estimator_Filtering_Process_Time               : 16.283147
A05_Estimator_KF_Process_Time                      : 52.641677
A06_Solver_PMSs_Solving_Time                       : 4340.536194
B01_Number_of_PMSs                                 : 78.745715
B02_Number_of_Filtered_PMSs                        : 3.105225
B03_Number_of_PMSs_to_KF                           : 3.105225
C01_Number_of_Selection_Fail_Timesteps             : 0.000000
C02_Number_of_opt1_Fail                            : 0.000000
C03_Number_of_Threshold_opt_Fail                   : 0.032683
C04_Number_of_Kalman_Filter_Fail_Timesteps         : 0.032683
D01_Number_of_Reflections(sim)                     : 0.837257
D02_Number_of_Reflections_Twice(sim)               : 0.000000
E01_Number_of_Selected_Beacons                     : 5.146995
F01_Number_of_Failed_Timesteps                     : 0.031648
F02_Number_of_Timesteps                            : 20001.000000
G01_Estimation_Error(sim)                          : 33.510736
G02_Estimation_Error_Reference(sim)                : 120.383528
G03_Estimation_Error_Except_Fail                   : 33.510736
G04_Estimation_Error_Except_Fail_Ref               : 120.383528
G05_Estimation_Error_Except_Strict_Fail            : 32.023335
G06_Estimation_Error_Except_Strict_Fail_Ref        : 118.773464
H01_Reception_Fails(<3)                            : 0.000000
H02_Reception_Fails_Ref.(<3)                       : 0.000000
H03_Strict_Reception_Fails(<_NV)                   : 0.015299
H04_Strict_Reception_Fails_Ref.(<_NV)              : 0.015299
