27.490695	96.214169
N_steps             : 20001
error(proposed)     : 27.490695
error(original)     : 96.214169
A01_Estimator_Total_Time                           : 3209.752226
A02_Estimator_Setup_Time                           : 4.480420
A03_Estimator_Solving_Time                         : 3151.013379
A04_Estimator_Filtering_Process_Time               : 10.796686
A05_Estimator_KF_Process_Time                      : 41.886945
A06_Solver_PMSs_Solving_Time                       : 3062.252406
B01_Number_of_PMSs                                 : 60.080070
B02_Number_of_Filtered_PMSs                        : 2.636340
B03_Number_of_PMSs_to_KF                           : 2.636340
C01_Number_of_Selection_Fail_Timesteps             : 0.000000
C02_Number_of_opt1_Fail                            : 0.000000
C03_Number_of_Threshold_opt_Fail                   : 0.029229
C04_Number_of_Kalman_Filter_Fail_Timesteps         : 0.029229
D01_Number_of_Reflections(sim)                     : 0.494931
D02_Number_of_Reflections_Twice(sim)               : 0.000000
E01_Number_of_Selected_Beacons                     : 5.134977
F01_Number_of_Failed_Timesteps                     : 0.028399
F02_Number_of_Timesteps                            : 20001.000000
G01_Estimation_Error(sim)                          : 27.490695
G02_Estimation_Error_Reference(sim)                : 96.214169
G03_Estimation_Error_Except_Fail                   : 27.490695
G04_Estimation_Error_Except_Fail_Ref               : 96.214169
G05_Estimation_Error_Except_Strict_Fail            : 26.527026
G06_Estimation_Error_Except_Strict_Fail_Ref        : 94.625292
H01_Reception_Fails(<3)                            : 0.000000
H02_Reception_Fails_Ref.(<3)                       : 0.000000
H03_Strict_Reception_Fails(<_NV)                   : 0.010149
H04_Strict_Reception_Fails_Ref.(<_NV)              : 0.010149
